      0/29     1.55G    0.1157   0.07347         0    0.3198     0.509        50       640         0         0 0.0009322 0.0001641    0.1007    0.0967         0
      1/29     1.74G    0.1091    0.0822         0    0.2926    0.4839        20       640 0.0002224 0.0006439 0.0005491 8.966e-05    0.1084   0.09803         0
      2/29     1.74G    0.1064   0.08022         0     0.262    0.4486         5       640         0         0 0.0007892 0.0001326    0.1002    0.0996         0
      3/29     1.74G    0.1064   0.08672         0    0.2165    0.4096         4       640   0.01303      0.18  0.006758  0.001107    0.1167   0.09098         0
      4/29     1.75G    0.1052   0.07715         0    0.1273    0.3096       152       640   0.03162    0.1243    0.0146  0.002648   0.09844    0.0894         0
      5/29     1.75G   0.09803    0.0769         0   0.07497    0.2499        28       640   0.07264    0.3003   0.07047   0.01495   0.09142    0.1006         0
      6/29     1.75G   0.09234    0.0807         0   0.05676    0.2298        12       640      0.18     0.302    0.1458   0.03418   0.08542   0.09178         0
      7/29     1.75G   0.08888   0.07769         0   0.04627    0.2128        87       640    0.1962    0.4617    0.2339   0.05537   0.07977   0.08258         0
      8/29     1.75G   0.08754   0.06944         0   0.04067    0.1976        19       640    0.1418    0.5316    0.2466   0.07239    0.0766   0.08076         0
      9/29     1.75G   0.09227    0.0742         0   0.04549     0.212        18       640    0.1799    0.4288    0.1937   0.04009    0.0834   0.07987         0
     10/29     1.75G   0.08396   0.06839         0   0.03561     0.188        17       640    0.1104    0.5589    0.2241   0.06152   0.08066   0.07805         0
     11/29     1.75G    0.0802   0.07538         0   0.02993    0.1855        30       640    0.1803    0.6074    0.3548    0.1293    0.0709   0.07782         0
     12/29     1.75G   0.07991   0.07027         0   0.02829    0.1785         5       640    0.2469    0.5476    0.3975    0.1428   0.06978   0.08136         0
     13/29     1.75G   0.07482   0.06789         0   0.02699    0.1697        47       640    0.1996    0.6481    0.4655    0.1713   0.06868   0.07967         0
     14/29     1.75G   0.07134   0.06943         0   0.02537    0.1661        98       640    0.3101     0.679    0.5943     0.245   0.06172   0.07151         0
     15/29     1.75G     0.069   0.07042         0    0.0237    0.1631         4       640    0.3162    0.6626    0.5858    0.2493   0.06095   0.07009         0
     16/29     1.75G   0.06811   0.06456         0   0.02349    0.1562        18       640    0.2848    0.7061    0.6421    0.2699   0.05857   0.07137         0
     17/29     1.75G   0.06619   0.05936         0   0.02198    0.1475         8       640    0.2498     0.708    0.6192    0.2485   0.06064   0.07025         0
     18/29     1.75G   0.06441   0.06425         0   0.02082    0.1495       154       640    0.3702     0.731    0.6819    0.2859   0.05607   0.06678         0
     19/29     1.75G   0.06537   0.06699         0   0.02022    0.1526        40       640    0.3813    0.7157    0.6609    0.2779   0.05628   0.06737         0
     20/29     1.75G   0.06172    0.0606         0   0.02031    0.1426        21       640    0.3936    0.7283    0.6891    0.3005   0.05371   0.06563         0
     21/29     1.75G   0.06138   0.06189         0   0.01902    0.1423        12       640    0.4094    0.7382    0.7052    0.3218   0.05226   0.06486         0
     22/29     1.75G   0.05873   0.06027         0   0.01841    0.1374        16       640    0.3685    0.7547    0.7133    0.3187   0.05141   0.06466         0
     23/29     1.75G   0.05779   0.05898         0    0.0186    0.1354         7       640      0.42    0.7527    0.7206    0.3186   0.05179   0.06439         0
     24/29     1.75G   0.05771   0.05839         0   0.01803    0.1341        40       640    0.4183    0.7704    0.7381    0.3339    0.0515   0.06292         0
     25/29     1.75G   0.05713   0.05703         0   0.01797    0.1321         4       640    0.3928    0.7788    0.7399    0.3232   0.05097   0.06326         0
     26/29     1.75G   0.05848   0.05928         0   0.01735    0.1351         4       640    0.3732    0.7746    0.7332     0.327   0.05069   0.06255         0
     27/29     1.75G    0.0567   0.05686         0    0.0174     0.131        20       640    0.5139    0.7508    0.7342    0.3458   0.04942   0.06199         0
     28/29     1.75G   0.05692   0.05964         0   0.01753    0.1341        10       640    0.4418    0.7751    0.7477    0.3535    0.0485   0.06138         0
     29/29     1.75G   0.05639   0.05582         0   0.01724    0.1294        75       640    0.4204    0.7766    0.7437    0.3312   0.04976   0.06177         0
